        случайный порядок      возрастает     убывает     возростает и убывает:
qsort:
 1000 -  0.000000              0.065000       0.074000    0.180000
 2000 -  0.001000              0.066000       0.074000    0.181000
 4000 -  0.002000              0.066000       0.075000    0.182000
10000 -  0.003000              0.068000       0.076000    0.185000
20000 -  0.006000              0.071000       0.080000    0.191000

сортировка Шелла:
 1000 -  0.007000              0.071000       0.080000    0.191000
 2000 -  0.007000              0.071000       0.081000    0.192000
 4000 -  0.009000              0.071000       0.084000    0.194000
10000 -  0.020000              0.072000       0.103000    0.209000
20000 -  0.063000              0.072000       0.178000    0.276000

быстрая сортировка:
 1000 -  0.063000              0.072000       0.178000    0.276000
 2000 -  0.063000              0.072000       0.178000    0.276000
 4000 -  0.063000              0.072000       0.179000    0.276000
10000 -  0.064000              0.073000       0.179000    0.277000
20000 -  0.065000              0.074000       0.180000    0.279000
